%%MatrixMarket matrix coordinate real general
%
24367 24367 76499
1 1 1
1028 1 0
1029 1 0
2 2 2.5771E-1
1029 2 -1.21374E-2
1160 2 -1.15318E-1
3 3 3.2811599999999996E-1
1139 3 -1.1895599999999999E-1
1140 3 -5.33552E-2
4 4 3.4931900000000005E-1
1484 4 6.45934E-2
5 5 3.31926E-1
3087 5 -6.49412E-2
3088 5 -1.1140499999999999E-1
6 6 2.24365E-1
3089 6 3.97278E-2
7 7 1.826E-1
8 8 2.2118799999999997E-1
3091 8 -3.8006E-2
3092 8 -3.8006E-2
9 9 2.61048E-1
10 10 2.2221900000000003E-1
11 11 2.60608E-1
3876 11 4.09322E-2
12 12 3.09503E-1
3877 12 7.93562E-2
13 13 2.41603E-1
3104 13 4.86317E-2
14 14 1.9809399999999996E-1
3105 14 2.44193E-2
15 15 2.1139000000000002E-1
1546 15 -3.249799999999999E-2
1547 15 -3.249799999999999E-2
16 16 2.6541E-1
17 17 2.29444E-1
18 18 2.4208599999999997E-1
1113 18 -4.887219999999999E-2
1114 18 -4.887219999999999E-2
19 19 2.2454E-1
20 20 2.26412E-1
21 21 2.24802E-1
22 22 2.58187E-1
23 23 2.0785999999999996E-1
24 24 3.59714E-1
25 25 2.45642E-1
26 26 1.81614E-1
27 27 2.26112E-1
28 28 2.29386E-1
29 29 3.92233E-1
5461 29 -2.38959E-1
5462 29 4.20251E-2
30 30 2.61255E-1
5461 30 1.07981E-1
31 31 3.39136E-1
32 32 3.39136E-1
33 33 2.49472E-1
34 34 2.23189E-1
5456 34 -3.90936E-2
5457 34 -3.90936E-2
35 35 2.24215E-1
36 36 2.42592E-1
37 37 1.7548599999999998E-1
38 38 2.28985E-1
39 39 2.3811E-1
40 40 2.3376000000000002E-1
41 41 2.4183500000000002E-1
42 42 2.4660899999999997E-1
43 43 2.08822E-1
44 44 2.3218099999999997E-1
45 45 2.28231E-1
46 46 2.3087E-1
47 47 2.00049E-1
48 48 2.02484E-1
49 49 2.51369E-1
50 50 1
51 51 1
52 52 1
53 53 1
54 54 1
55 55 1
56 56 1
57 57 1
58 58 1
59 59 1
60 60 1
61 61 1
62 62 1
63 63 1
64 64 1
65 65 1
66 66 1
67 67 1
68 68 1
69 69 1
70 70 1
71 71 1
72 72 1
73 73 1
74 74 1
75 75 1
76 76 1
77 77 1
78 78 1
79 79 1
80 80 1
81 81 1
82 82 1
83 83 1
84 84 1
85 85 1
86 86 1
87 87 1
88 88 1
89 89 1
90 90 1
91 91 1
92 92 1
93 93 1
3048 93 0
94 94 1
3047 94 0
3048 94 0
95 95 1
96 96 1
97 97 1
98 98 1
99 99 1
100 100 1
101 101 1
102 102 1
103 103 1
104 104 1
105 105 1
106 106 1
107 107 1
108 108 1
109 109 1
110 110 1
111 111 1
112 112 1
113 113 1
114 114 1
115 115 1
116 116 1
117 117 1
118 118 1
119 119 1
120 120 1
121 121 1
122 122 1
123 123 1
5875 123 0
5876 123 0
124 124 1
125 125 1
126 126 1
127 127 1
128 128 1
129 129 1
130 130 1
131 131 1
132 132 1
133 133 1
134 134 1
135 135 1
136 136 1
20020 136 0
137 137 1
20018 137 0
138 138 1
139 139 1
140 140 1
141 141 1
142 142 1
143 143 1
144 144 1
145 145 1
146 146 1
147 147 1
148 148 1
149 149 1
150 150 1
151 151 1
152 152 1
153 153 1
154 154 1
155 155 1
156 156 1
157 157 1
158 158 1
159 159 1
160 160 1
161 161 1
162 162 1
163 163 1
164 164 1
165 165 1
166 166 1
167 167 1
168 168 1
169 169 1
170 170 1
171 171 1
172 172 1
173 173 1
174 174 1
175 175 1
176 176 1
177 177 1
178 178 1
179 179 1
180 180 1
181 181 1
182 182 1
183 183 1
184 184 1
185 185 1
186 186 1
187 187 1
188 188 1
189 189 1
190 190 1
191 191 1
192 192 1
193 193 1
194 194 1
195 195 1
196 196 1
197 197 1
198 198 1
199 199 1
200 200 1
201 201 1
202 202 1
203 203 1
204 204 1
205 205 1
206 206 1
207 207 1
208 208 1
209 209 1
5528 209 0
5529 209 0
210 210 1
5543 210 0
211 211 1
212 212 1
213 213 1
214 214 1
215 215 1
216 216 1
217 217 1
218 218 1
2704 218 0
219 219 1
2702 219 0
220 220 1
221 221 1
222 222 1
223 223 1
224 224 1
225 225 1
226 226 1
227 227 1
1425 227 0
228 228 1
1426 228 0
229 229 1
2685 229 0
2686 229 0
230 230 1
231 231 1
232 232 1
233 233 1
234 234 1
2643 234 0
235 235 1
2641 235 0
236 236 1
237 237 1
238 238 1
239 239 1
1407 239 0
1408 239 0
240 240 1
241 241 1
1241 241 0
1242 241 0
242 242 1
243 243 1
244 244 1
1815 244 0
1816 244 0
245 245 1
246 246 1
247 247 1
248 248 1
249 249 1
250 250 1
251 251 1
252 252 1
253 253 1
1147 253 0
254 254 1
1148 254 0
1180 254 0
255 255 1
1042 255 0
1043 255 0
256 256 1
1042 256 0
1185 256 0
257 257 1
1176 257 0
1177 257 0
258 258 1
1778 258 0
259 259 1
3270 259 0
3271 259 0
260 260 1
3272 260 0
261 261 1
262 262 1
3274 262 0
3275 262 0
263 263 1
264 264 1
265 265 1
3930 265 0
266 266 1
3931 266 0
267 267 1
3287 267 0
268 268 1
3288 268 0
269 269 1
1838 269 0
1839 269 0
270 270 1
271 271 1
272 272 1
273 273 1
1239 273 0
1240 273 0
274 274 1
275 275 1
276 276 1
277 277 1
278 278 1
279 279 1
3943 279 0
3949 279 0
280 280 1
3942 280 0
3943 280 0
281 281 1
5478 281 0
282 282 1
283 283 1
284 284 1
285 285 1
286 286 1
287 287 1
288 288 1
289 289 1
290 290 1
291 291 1
292 292 1
293 293 1
294 294 1
295 295 1
296 296 1
297 297 1
298 298 1
299 299 1
300 300 1
301 301 1
302 302 1
303 303 1
304 304 1
305 305 1
306 306 1
307 307 1
308 308 1
309 309 1
310 310 1
311 311 1
312 312 1
313 313 1
314 314 1
315 315 1
316 316 1
317 317 1
318 318 1
319 319 1
320 320 1
321 321 1
322 322 1
323 323 1
324 324 1
325 325 1
326 326 1
327 327 1
328 328 1
329 329 1
330 330 1
331 331 1
332 332 1
333 333 1
334 334 1
335 335 1
336 336 1
337 337 1
338 338 1
339 339 1
340 340 1
341 341 1
342 342 1
343 343 1
344 344 1
345 345 1
346 346 1
347 347 1
348 348 1
349 349 1
350 350 1
351 351 1
352 352 1
353 353 1
354 354 1
355 355 1
356 356 1
357 357 1
358 358 1
359 359 1
360 360 1
361 361 1
362 362 1
363 363 1
364 364 1
365 365 1
366 366 1
367 367 1
368 368 1
369 369 1
370 370 1
371 371 1
372 372 1
373 373 1
374 374 1
20200 374 0
20201 374 0
375 375 1
376 376 1
377 377 1
378 378 1
379 379 1
380 380 1
381 381 1
382 382 1
383 383 1
384 384 1
385 385 1
386 386 1
387 387 1
388 388 1
389 389 1
390 390 1
391 391 1
392 392 1
19182 392 0
19183 392 0
393 393 1
394 394 1
395 395 1
396 396 1
397 397 1
398 398 1
399 399 1
400 400 1
401 401 1
402 402 1
19130 402 0
403 403 1
19128 403 0
404 404 1
405 405 1
406 406 1
407 407 1
408 408 1
409 409 1
410 410 1
411 411 1
412 412 1
413 413 1
414 414 1
7873 414 0
7874 414 0
415 415 1
416 416 1
417 417 1
418 418 1
21211 418 0
419 419 1
21212 419 0
420 420 1
421 421 1
422 422 1
423 423 1
424 424 1
425 425 1
426 426 1
7940 426 0
7941 426 0
427 427 1
428 428 1
429 429 1
430 430 1
431 431 1
432 432 1
433 433 1
434 434 1
435 435 1
436 436 1
437 437 1
438 438 1
439 439 1
440 440 1
441 441 1
442 442 1
443 443 1
444 444 1
8611 444 0
445 445 1
8612 445 0
446 446 1
447 447 1
448 448 1
449 449 1
450 450 1
451 451 1
452 452 1
453 453 1
454 454 1
455 455 1
456 456 1
457 457 1
458 458 1
459 459 1
460 460 1
461 461 1
462 462 1
463 463 1
464 464 1
465 465 1
466 466 1
467 467 1
468 468 1
469 469 1
470 470 1
471 471 1
472 472 1
473 473 1
474 474 1
475 475 1
476 476 1
477 477 1
478 478 1
479 479 1
480 480 1
481 481 1
482 482 1
483 483 1
484 484 1
485 485 1
486 486 1
487 487 1
488 488 1
489 489 1
490 490 1
491 491 1
492 492 1
493 493 1
494 494 1
495 495 1
496 496 1
497 497 1
498 498 1
499 499 1
500 500 1
501 501 1
502 502 1
503 503 1
504 504 1
505 505 1
506 506 1
507 507 1
508 508 1
509 509 1
510 510 1
1181 510 0
1182 510 0
511 511 1
1040 511 0
1041 511 0
512 512 2.5771E-1
1040 512 -1.21374E-2
1171 512 -1.15318E-1
513 513 3.2811599999999996E-1
1152 513 -1.1895599999999999E-1
1153 513 -5.33552E-2
514 514 3.4931900000000005E-1
1638 514 6.45934E-2
515 515 3.31926E-1
3179 515 -6.49412E-2
3180 515 -1.1140499999999999E-1
516 516 2.24365E-1
3181 516 3.97278E-2
517 517 3.47874E-1
518 518 2.35969E-1
3183 518 -5.67465E-2
3184 518 -3.45117E-2
519 519 2.61048E-1
520 520 2.97096E-1
521 521 3.18311E-1
522 522 3.09453E-1
523 523 2.19503E-1
524 524 2.3473900000000003E-1
525 525 1.85869E-1
526 526 3.0809E-1
527 527 2.2662200000000002E-1
528 528 2.30043E-1
529 529 2.986039999999999E-1
1235 529 7.47335E-2
530 530 2.17707E-1
1233 530 3.60855E-2
531 531 2.17707E-1
532 532 1.94079E-1
533 533 3.14947E-1
534 534 2.1263199999999996E-1
3916 534 -4.736549999999999E-3
535 535 2.58738E-1
536 536 3.43414E-1
537 537 2.5355E-1
538 538 3.46218E-1
539 539 2.92446E-1
540 540 3.0714E-1
541 541 2.1975099999999997E-1
542 542 2.37147E-1
543 543 2.55639E-1
544 544 2.33551E-1
545 545 2.45785E-1
546 546 2.2796799999999998E-1
547 547 2.28621E-1
548 548 2.28078E-1
549 549 1.9485E-1
550 550 5.13728E-1
551 551 4.3201599999999996E-1
552 552 3.51062E-1
553 553 5.61436E-1
554 554 1.94697E-1
555 555 2.34564E-1
556 556 1.91294E-1
557 557 2.2965499999999997E-1
558 558 2.50162E-1
559 559 2.04094E-1
560 560 1.9676799999999997E-1
561 561 5.01252E-1
562 562 5.01252E-1
563 563 1
564 564 1
565 565 1
566 566 1
567 567 1
568 568 1
569 569 1
570 570 1
571 571 1
572 572 1
573 573 1
574 574 1
575 575 1
576 576 1
577 577 1
578 578 1
579 579 1
580 580 1
581 581 1
582 582 1
583 583 1
584 584 1
585 585 1
586 586 1
587 587 1
588 588 1
589 589 1
590 590 1
591 591 1
592 592 1
593 593 1
594 594 1
595 595 1
596 596 1
597 597 1
598 598 1
599 599 1
600 600 1
601 601 1
602 602 1
603 603 1
604 604 1
605 605 1
606 606 1
607 607 1
608 608 1
609 609 1
610 610 1
611 611 1
612 612 1
613 613 1
614 614 1
615 615 1
616 616 1
617 617 1
618 618 1
619 619 1
620 620 1
621 621 1
12884 621 0
622 622 1
12885 622 0
623 623 1
624 624 1
625 625 1
626 626 1
627 627 1
628 628 1
629 629 1
630 630 1
631 631 1
632 632 1
633 633 1
634 634 1
635 635 1
636 636 1
637 637 1
638 638 1
639 639 1
640 640 1
641 641 1
642 642 1
643 643 1
644 644 1
645 645 1
646 646 1
647 647 1
648 648 1
649 649 1
650 650 1
651 651 1
652 652 1
653 653 1
654 654 1
655 655 1
656 656 1
657 657 1
658 658 1
659 659 1
660 660 1
661 661 1
662 662 1
663 663 1
664 664 1
665 665 1
666 666 1
667 667 1
668 668 1
669 669 1
670 670 1
671 671 1
672 672 1
673 673 1
674 674 1
675 675 1
676 676 1
677 677 1
678 678 1
679 679 1
680 680 1
681 681 1
682 682 1
683 683 1
684 684 1
685 685 1
686 686 1
687 687 1
688 688 1
689 689 1
690 690 1
691 691 1
692 692 1
693 693 1
694 694 1
695 695 1
696 696 1
697 697 1
698 698 1
699 699 1
700 700 1
701 701 1
702 702 1
703 703 1
704 704 1
705 705 1
706 706 1
707 707 1
708 708 1
709 709 1
710 710 1
711 711 1
712 712 1
713 713 1
714 714 1
5616 714 0
715 715 1
5614 715 0
716 716 1
717 717 1
718 718 1
719 719 1
720 720 1
721 721 1
722 722 1
723 723 1
724 724 1
725 725 1
726 726 1
727 727 1
728 728 1
729 729 1
730 730 1
731 731 1
732 732 1
733 733 1
734 734 1
735 735 1
736 736 1
737 737 1
738 738 1
739 739 1
740 740 1
741 741 1
742 742 1
743 743 1
744 744 1
745 745 1
746 746 1
747 747 1
748 748 1
749 749 1
750 750 1
751 751 1
752 752 1
1943 752 0
1944 752 0
753 753 1
754 754 1
755 755 1
756 756 1
1656 756 0
1657 756 0
757 757 1
758 758 1
759 759 1
760 760 1
761 761 1
1154 761 0
762 762 1
1155 762 0
1183 762 0
763 763 1
1033 763 0
1034 763 0
764 764 1
1033 764 0
1186 764 0
765 765 1
1178 765 0
1179 765 0
766 766 1
1888 766 0
767 767 1
3362 767 0
3363 767 0
768 768 1
3364 768 0
769 769 1
770 770 1
3366 770 0
3367 770 0
771 771 1
772 772 1
773 773 1
774 774 1
775 775 1
776 776 1
3965 776 0
777 777 1
3966 777 0
778 778 1
779 779 1
780 780 1
781 781 1
782 782 1
783 783 1
784 784 1
785 785 1
3977 785 0
786 786 1
3978 786 0
787 787 1
788 788 1
789 789 1
790 790 1
791 791 1
792 792 1
793 793 1
794 794 1
795 795 1
796 796 1
797 797 1
798 798 1
799 799 1
800 800 1
801 801 1
802 802 1
803 803 1
804 804 1
805 805 1
806 806 1
807 807 1
808 808 1
809 809 1
810 810 1
811 811 1
812 812 1
813 813 1
814 814 1
815 815 1
816 816 1
817 817 1
818 818 1
819 819 1
820 820 1
821 821 1
822 822 1
823 823 1
824 824 1
825 825 1
826 826 1
827 827 1
828 828 1
829 829 1
830 830 1
831 831 1
832 832 1
833 833 1
834 834 1
835 835 1
836 836 1
837 837 1
838 838 1
839 839 1
840 840 1
841 841 1
842 842 1
843 843 1
844 844 1
845 845 1
846 846 1
847 847 1
848 848 1
849 849 1
850 850 1
851 851 1
852 852 1
853 853 1
854 854 1
855 855 1
856 856 1
857 857 1
858 858 1
859 859 1
860 860 1
861 861 1
862 862 1
863 863 1
864 864 1
865 865 1
866 866 1
867 867 1
868 868 1
869 869 1
870 870 1
871 871 1
872 872 1
873 873 1
874 874 1
875 875 1
876 876 1
877 877 1
878 878 1
879 879 1
880 880 1
881 881 1
882 882 1
883 883 1
884 884 1
885 885 1
886 886 1
887 887 1
888 888 1
889 889 1
890 890 1
891 891 1
892 892 1
893 893 1
894 894 1
895 895 1
896 896 1
897 897 1
898 898 1
899 899 1
900 900 1
901 901 1
902 902 1
903 903 1
904 904 1
905 905 1
906 906 1
907 907 1
908 908 1
909 909 1
910 910 1
911 911 1
912 912 1
913 913 1
914 914 1
3836 914 0
915 915 1
3834 915 0
916 916 1
917 917 1
918 918 1
919 919 1
920 920 1
921 921 1
922 922 1
923 923 1
924 924 1
925 925 1
926 926 1
927 927 1
928 928 1
929 929 1
16654 929 0
930 930 1
931 931 1
932 932 1
933 933 1
934 934 1
935 935 1
936 936 1
937 937 1
938 938 1
939 939 1
940 940 1
941 941 1
942 942 1
943 943 1
944 944 1
945 945 1
946 946 1
947 947 1
948 948 1
949 949 1
950 950 1
951 951 1
952 952 1
953 953 1
954 954 1
955 955 1
956 956 1
957 957 1
958 958 1
959 959 1
960 960 1
961 961 1
962 962 1
963 963 1
964 964 1
965 965 1
966 966 1
967 967 1
968 968 1
969 969 1
970 970 1
971 971 1
972 972 1
973 973 1
974 974 1
975 975 1
976 976 1
977 977 1
978 978 1
979 979 1
980 980 1
981 981 1
982 982 1
2314 982 0
983 983 1
2315 983 0
984 984 1
985 985 1
2306 985 0
986 986 1
987 987 1
988 988 1
989 989 1
990 990 1
991 991 1
992 992 1
993 993 1
994 994 1
2298 994 0
995 995 1
2296 995 0
996 996 1
997 997 1
998 998 1
999 999 1
1000 1000 1
1001 1001 1
1002 1002 1
1003 1003 1
1270 1003 0
1271 1003 0
1004 1004 1
1005 1005 1
1038 1005 0
1039 1005 0
1006 1006 1
1007 1007 1
1008 1008 1
1524 1008 0
1525 1008 0
1009 1009 1
1010 1010 1
1011 1011 1
1012 1012 1
1013 1013 1
1014 1014 1
1015 1015 1
1016 1016 1
1017 1017 1
1158 1017 0
1018 1018 1
1159 1018 0
1184 1018 0
1019 1019 4.7753500000000004E-1
1020 1019 -3.9169E-2
1021 1019 -5.26631E-2
1019 1020 -3.9169E-2
1020 1020 4.5948900000000004E-1
1021 1020 -5.26631E-2
1019 1021 -5.26631E-2
1020 1021 -5.26631E-2
1021 1021 4.9102200000000007E-1
1022 1022 4.7454099999999994E-1
1023 1022 -4.80518E-2
1024 1022 -4.485270000000001E-2
1022 1023 -4.80518E-2
1023 1023 4.9259000000000003E-1
1024 1023 -5.146139999999999E-2
1022 1024 -4.485270000000001E-2
1023 1024 -5.146139999999999E-2
1024 1024 4.6931500000000004E-1
1025 1025 4.2642300000000005E-1
1026 1025 -6.84971E-3
1027 1025 -5.8138300000000004E-2
1025 1026 -6.84971E-3
1026 1026 4.5132900000000004E-1
1027 1026 -8.32356E-2
1025 1027 -5.8138300000000004E-2
1026 1027 -8.32356E-2
1027 1027 5.3288E-1
1 1028 0
1028 1028 6.17283E-1
1029 1028 -5.13482E-2
1184 1028 -2.78141E-2
1190 1028 1.15734E-1
1 1029 0
2 1029 -1.21374E-2
1028 1029 -5.13482E-2
1029 1029 3.8748E-1
1160 1029 5.13482E-2
1030 1030 4.3358499999999994E-1
1031 1030 1.65276E-2
1032 1030 -4.708819999999999E-2
1030 1031 1.65276E-2
1031 1031 6.18161E-1
1032 1031 -1.26564E-1
1030 1032 -4.708819999999999E-2
1031 1032 -1.26564E-1
1032 1032 6.36567E-1
763 1033 0
764 1033 0
1033 1033 3.8748E-1
1034 1033 -5.13482E-2
1186 1033 5.13482E-2
763 1034 0
1033 1034 -5.13482E-2
1034 1034 6.17283E-1
1183 1034 -2.78141E-2
1189 1034 1.15734E-1
1035 1035 5.03306E-1
1036 1035 8.12835E-2
1037 1035 -2.1677399999999997E-1
1035 1036 8.12835E-2
1036 1036 3.80743E-1
1037 1036 -5.8193400000000006E-2
1035 1037 -2.1677399999999997E-1
1036 1037 -5.8193400000000006E-2
1037 1037 9.34539E-1
4081 1037 9.3596E-2
4082 1037 1.84116E-1
1005 1038 0
1038 1038 4.44624E-1
1039 1038 -2.2599299999999996E-2
1005 1039 0
1038 1039 -2.2599299999999996E-2
1039 1039 4.39471E-1
511 1040 0
512 1040 -1.21374E-2
1040 1040 3.8748E-1
1041 1040 -5.13482E-2
1171 1040 5.13482E-2
511 1041 0
1040 1041 -5.13482E-2
1041 1041 6.17283E-1
1181 1041 -2.78141E-2
1188 1041 1.15734E-1
255 1042 0
256 1042 0
1042 1042 3.8748E-1
1043 1042 -5.13482E-2
1185 1042 5.13482E-2
255 1043 0
1042 1043 -5.13482E-2
1043 1043 6.17283E-1
1180 1043 -2.78141E-2
1187 1043 1.15734E-1
1044 1044 5.4575E-1
1045 1044 -2.34099E-2
1046 1044 -9.39508E-2
1044 1045 -2.34099E-2
1045 1045 4.3776199999999993E-1
1046 1045 -3.0829299999999997E-2
1044 1046 -9.39508E-2
1045 1046 -3.0829299999999997E-2
1046 1046 5.22545E-1
1047 1047 8.327349999999999E-1
1048 1047 -2.40537E-1
1049 1047 2.26141E-2
1047 1048 -2.40537E-1
1048 1048 7.69365E-1
1049 1048 2.26141E-2
8572 1048 2.35442E-2
1047 1049 2.26141E-2
1048 1049 2.26141E-2
1049 1049 3.85263E-1
1050 1050 4.0014400000000006E-1
1051 1050 -2.75E-3
1052 1050 -1.79104E-2
1050 1051 -2.75E-3
1051 1051 5.35533E-1
1052 1051 -1.37123E-1
1050 1052 -1.79104E-2
1051 1052 -1.37123E-1
1052 1052 5.57082E-1
1053 1053 5.91842E-1
1054 1053 -5.084470000000001E-2
1055 1053 -5.084470000000001E-2
10033 1053 2.3945400000000002E-2
10034 1053 1.5732999999999997E-1
1053 1054 -5.084470000000001E-2
1054 1054 4.71005E-1
1055 1054 -4.27056E-2
1053 1055 -5.084470000000001E-2
1054 1055 -4.27056E-2
1055 1055 4.7559399999999996E-1
1056 1056 4.97309E-1
1057 1056 -3.41749E-2
1058 1056 -7.6907E-2
1056 1057 -3.41749E-2
1057 1057 4.2730299999999993E-1
1058 1057 -3.48057E-2
8715 1057 2.8785599999999998E-2
8716 1057 3.73579E-2
1056 1058 -7.6907E-2
1057 1058 -3.48057E-2
1058 1058 4.95444E-1
1059 1059 8.24263E-1
1060 1059 -9.471E-2
1061 1059 -1.69061E-1
1059 1060 -9.471E-2
1060 1060 3.85352E-1
1061 1060 8.14356E-2
1059 1061 -1.69061E-1
1060 1061 8.14356E-2
1061 1061 4.1738E-1
1062 1062 6.670200000000001E-1
1063 1062 -1.4556899999999997E-3
1064 1062 -9.892850000000002E-2
1062 1063 -1.4556899999999997E-3
1063 1063 4.03671E-1
1064 1063 -4.99979E-2
5669 1063 1.4556899999999997E-3
5670 1063 4.99979E-2
1062 1064 -9.892850000000002E-2
1063 1064 -4.99979E-2
1064 1064 5.69698E-1
1065 1065 8.97762E-1
1066 1065 -1.0037100000000002E-1
1067 1065 -1.7418799999999998E-1
5571 1065 2.6113E-1
5572 1065 -2.8359000000000002E-2
1065 1066 -1.0037100000000002E-1
1066 1066 3.95704E-1
1067 1066 8.85384E-2
1065 1067 -1.7418799999999998E-1
1066 1067 8.85384E-2
1067 1067 5.04572E-1
1068 1068 4.5987900000000004E-1
1069 1068 -3.20021E-2
1070 1068 -5.5925E-2
1068 1069 -3.20021E-2
1069 1069 5.93089E-1
1070 1069 -5.69268E-2
1068 1070 -5.5925E-2
1069 1070 -5.69268E-2
1070 1070 5.07503E-1
1071 1071 5.96136E-1
1072 1071 1.71681E-2
1073 1071 -1.16739E-1
1071 1072 1.71681E-2
1072 1072 3.9042899999999997E-1
1073 1072 -5.600929999999999E-2
1071 1073 -1.16739E-1
1072 1073 -5.600929999999999E-2
1073 1073 7.71879E-1
1074 1074 4.36838E-1
1075 1074 -3.55397E-2
1076 1074 -5.4555299999999994E-2
1074 1075 -3.55397E-2
1075 1075 4.36227E-1
1076 1075 -5.4555299999999994E-2
1074 1076 -5.4555299999999994E-2
1075 1076 -5.4555299999999994E-2
1076 1076 5.51468E-1
1077 1077 3.91051E-1
1078 1077 -1.28295E-2
1079 1077 -6.70144E-2
1077 1078 -1.28295E-2
1078 1078 4.3729699999999994E-1
1079 1078 -6.70144E-2
1077 1079 -6.70144E-2
1078 1079 -6.70144E-2
1079 1079 5.07072E-1
1080 1080 4.53788E-1
1081 1080 -2.8911599999999996E-2
1082 1080 -5.808050000000001E-2
1080 1081 -2.8911599999999996E-2
1081 1081 5.6848E-1
1082 1081 -5.808050000000001E-2
1080 1082 -5.808050000000001E-2
1081 1082 -5.808050000000001E-2
1082 1082 5.13224E-1
3200 1082 6.85868E-2
3201 1082 3.82722E-2
1083 1083 4.7942E-1
1084 1083 -3.46862E-2
1085 1083 -6.32595E-2
1083 1084 -3.46862E-2
1084 1084 4.62689E-1
1085 1084 -4.69248E-2
1668 1084 -4.84465E-2
1083 1085 -6.32595E-2
1084 1085 -4.69248E-2
1085 1085 5.73602E-1
1086 1086 5.74554E-1
1087 1086 -4.91987E-2
1088 1086 -8.65506E-2
1086 1087 -4.91987E-2
1087 1087 4.18459E-1
1088 1087 -1.2140899999999998E-2
1086 1088 -8.65506E-2
1087 1088 -1.2140899999999998E-2
1088 1088 6.18291E-1
1089 1089 5.19947E-1
1090 1089 -4.05579E-2
1091 1089 -8.44266E-2
1089 1090 -4.05579E-2
1090 1090 5.8415E-1
1091 1090 -2.1998800000000002E-2
2261 1090 5.28796E-2
2262 1090 1.5454399999999996E-1
1089 1091 -8.44266E-2
1090 1091 -2.1998800000000002E-2
1091 1091 5.05995E-1
1092 1092 5.67816E-1
1093 1092 3.08682E-3
1094 1092 -1.13417E-1
1092 1093 3.08682E-3
1093 1093 3.44579E-1
1094 1093 -4.26962E-2
1092 1094 -1.13417E-1
1093 1094 -4.26962E-2
1094 1094 5.39629E-1
1513 1094 2.4660499999999995E-2
1514 1094 6.03892E-2
1095 1095 4.5992E-1
1096 1095 -3.19542E-2
1097 1095 -5.59441E-2
1095 1096 -3.19542E-2
1096 1096 6.188529999999999E-1
1097 1096 -5.69587E-2
1095 1097 -5.59441E-2
1096 1097 -5.69587E-2
1097 1097 5.07587E-1
1098 1098 4.6155999999999997E-1
1099 1098 -4.0361799999999996E-2
1100 1098 -5.204700000000001E-2
3382 1098 5.10254E-2
3383 1098 2.8413900000000002E-2
1098 1099 -4.0361799999999996E-2
1099 1099 4.757799999999999E-1
1100 1099 -5.204700000000001E-2
1098 1100 -5.204700000000001E-2
1099 1100 -5.204700000000001E-2
1100 1100 5.01874E-1
3409 1100 -5.6333400000000006E-2
1101 1101 4.52086E-1
1102 1101 -2.2109500000000004E-2
1103 1101 -4.05741E-2
2650 1101 2.45901E-2
2651 1101 7.20561E-2
1101 1102 -2.2109500000000004E-2
1102 1102 5.05957E-1
1103 1102 -8.42784E-2
1101 1103 -4.05741E-2
1102 1103 -8.42784E-2
1103 1103 5.1975E-1
1104 1104 4.6493599999999996E-1
1105 1104 -7.75467E-2
1106 1104 -1.75779E-3
1104 1105 -7.75467E-2
1105 1105 6.83563E-1
1106 1105 -6.94656E-2
1104 1106 -1.75779E-3
1105 1106 -6.94656E-2
1106 1106 4.399870000000001E-1
1107 1107 3.79117E-1
1108 1107 3.21077E-2
1109 1107 -9.126989999999999E-2
1639 1107 -1.34657E-3
1664 1107 -1.1008699999999996E-2
1107 1108 3.21077E-2
1108 1108 4.9876799999999993E-1
1109 1108 -9.85625E-2
1107 1109 -9.126989999999999E-2
1108 1109 -9.85625E-2
1109 1109 6.26848E-1
1110 1110 3.7331300000000006E-1
1111 1110 -2.00973E-2
1112 1110 -1.00844E-2
1920 1110 1.8182899999999995E-2
1921 1110 1.8182899999999995E-2
1110 1111 -2.00973E-2
1111 1111 5.71792E-1
1112 1111 -1.2417899999999998E-1
1110 1112 -1.00844E-2
1111 1112 -1.2417899999999998E-1
1112 1112 5.29218E-1
18 1113 -4.887219999999999E-2
1113 1113 4.71751E-1
1114 1113 -4.65977E-2
18 1114 -4.887219999999999E-2
1113 1114 -4.65977E-2
1114 1114 4.46021E-1
1115 1115 4.01611E-1
1116 1115 1.0218399999999998E-1
1117 1115 -1.00536E-1
1488 1115 1.04872E-1
1115 1116 1.0218399999999998E-1
1116 1116 4.5079E-1
1117 1116 -1.97547E-1
1174 1116 -7.88239E-3
1175 1116 -7.88239E-3
1115 1117 -1.00536E-1
1116 1117 -1.97547E-1
1117 1117 7.53705E-1
1502 1117 8.05617E-2
1503 1117 3.28663E-2
1118 1118 4.400069999999999E-1
1119 1118 -4.794849999999999E-2
1120 1118 -2.1409699999999997E-2
1240 1118 -3.81698E-2
1118 1119 -4.794849999999999E-2
1119 1119 5.12009E-1
1120 1119 -7.69721E-2
1118 1120 -2.1409699999999997E-2
1119 1120 -7.69721E-2
1120 1120 4.3679299999999993E-1
1121 1121 4.4606500000000004E-1
1122 1121 -3.71213E-2
1123 1121 -3.766E-2
1121 1122 -3.71213E-2
1122 1122 4.71301E-1
1123 1122 -7.050289999999998E-2
1121 1123 -3.766E-2
1122 1123 -7.050289999999998E-2
1123 1123 4.8477899999999996E-1
1124 1124 5.39631E-1
1125 1124 -1.13416E-1
1126 1124 -4.269889999999999E-2
1804 1124 2.46616E-2
1805 1124 6.0388599999999994E-2
1124 1125 -1.13416E-1
1125 1125 5.6781E-1
1126 1125 3.0885799999999996E-3
1124 1126 -4.269889999999999E-2
1125 1126 3.0885799999999996E-3
1126 1126 3.4458E-1
1127 1127 5.36681E-1
1128 1127 -4.76401E-2
1129 1127 -4.9059E-2
1127 1128 -4.76401E-2
1128 1128 4.80579E-1
1129 1128 -4.76401E-2
1150 1128 4.8902999999999995E-2
1151 1128 4.77179E-2
1127 1129 -4.9059E-2
1128 1129 -4.76401E-2
1129 1129 6.219050000000002E-1
1130 1129 -2.11906E-1
1129 1130 -2.11906E-1
1130 1130 6.83956E-1
1131 1130 -1.03298E-1
1132 1130 -4.8348E-2
1130 1131 -1.03298E-1
1131 1131 4.8788300000000007E-1
1132 1131 4.6849699999999996E-4
1151 1131 -7.47714E-2
1130 1132 -4.8348E-2
1131 1132 4.6849699999999996E-4
1132 1132 3.98114E-1
1169 1132 -4.6849699999999996E-4
1170 1132 4.8348E-2
1133 1133 5.53076E-1
1134 1133 -1.31479E-1
1135 1133 4.8745399999999994E-2
3369 1133 1.87336E-2
1133 1134 -1.31479E-1
1134 1134 6.940060000000001E-1
1135 1134 -8.26426E-2
1133 1135 4.8745399999999994E-2
1134 1135 -8.26426E-2
1135 1135 3.74091E-1
1915 1135 3.85094E-2
1136 1136 5.29126E-1
1137 1136 -7.01163E-2
1138 1136 -7.01163E-2
1136 1137 -7.01163E-2
1137 1137 5.46788E-1
1138 1137 -7.46513E-3
1136 1138 -7.01163E-2
1137 1138 -7.46513E-3
1138 1138 4.5496E-1
3 1139 -1.1895599999999999E-1
1139 1139 5.35905E-1
1140 1139 1.65066E-2
1175 1139 -1.4009799999999997E-1
1484 1139 -2.33615E-2
3 1140 -5.33552E-2
1139 1140 1.65066E-2
1140 1140 3.5074199999999994E-1
1160 1140 -1.80715E-2
1141 1141 5.29126E-1
1142 1141 -7.0116E-2
1143 1141 -7.0116E-2
1141 1142 -7.0116E-2
1142 1142 5.46792E-1
1143 1142 -7.46569E-3
1141 1143 -7.0116E-2
1142 1143 -7.46569E-3
1143 1143 4.5496E-1
1144 1144 5.291840000000001E-1
1145 1144 -7.01722E-2
1146 1144 -7.01722E-2
1144 1145 -7.01722E-2
1145 1145 5.46053E-1
1146 1145 -7.36941E-3
1144 1146 -7.01722E-2
1145 1146 -7.36941E-3
1146 1146 4.5494799999999996E-1
253 1147 0
1147 1147 3.6730099999999993E-1
1148 1147 -1.02332E-1
1149 1147 6.85871E-2
254 1148 0
1147 1148 -1.02332E-1
1148 1148 7.032149999999999E-1
1149 1148 -1.39698E-1
1180 1148 5.47244E-2
1147 1149 6.85871E-2
1148 1149 -1.39698E-1
1149 1149 4.06056E-1
1128 1150 4.8902999999999995E-2
1150 1150 4.92986E-1
1151 1150 -4.77179E-2
1182 1150 -6.77208E-2
1128 1151 4.77179E-2
1131 1151 -7.47714E-2
1150 1151 -4.77179E-2
1151 1151 5.22033E-1
513 1152 -1.1895599999999999E-1
1152 1152 5.35905E-1
1153 1152 1.65066E-2
1169 1152 -1.4009799999999997E-1
1638 1152 -2.33615E-2
513 1153 -5.33552E-2
1152 1153 1.65066E-2
1153 1153 3.5074199999999994E-1
1171 1153 -1.80715E-2
761 1154 0
1154 1154 3.673779999999999E-1
1155 1154 -1.0240899999999999E-1
1156 1154 6.85177E-2
762 1155 0
1154 1155 -1.0240899999999999E-1
1155 1155 7.03054E-1
1156 1155 -1.39505E-1
1183 1155 5.47244E-2
1154 1156 6.85177E-2
1155 1156 -1.39505E-1
1156 1156 4.0597000000000005E-1
1157 1157 4.06055E-1
1158 1157 6.85867E-2
1159 1157 -1.39697E-1
1017 1158 0
1157 1158 6.85867E-2
1158 1158 3.673020000000001E-1
1159 1158 -1.02332E-1
1018 1159 0
1157 1159 -1.39697E-1
1158 1159 -1.02332E-1
1159 1159 7.032139999999999E-1
1184 1159 5.47244E-2
2 1160 -1.15318E-1
1029 1160 5.13482E-2
1140 1160 -1.80715E-2
1160 1160 7.38582E-1
1161 1161 4.01611E-1
1162 1161 1.0218399999999998E-1
1163 1161 -1.00536E-1
1779 1161 1.04872E-1
1161 1162 1.0218399999999998E-1
1162 1162 4.5079E-1
1163 1162 -1.97547E-1
1167 1162 -7.88239E-3
1168 1162 -7.88239E-3
1161 1163 -1.00536E-1
1162 1163 -1.97547E-1
1163 1163 7.53705E-1
1793 1163 8.05617E-2
1794 1163 3.28663E-2
1164 1164 5.6972E-1
1165 1164 -1.03298E-1
1166 1164 -4.8348E-2
1889 1164 6.184390000000001E-2
1890 1164 5.95562E-2
1164 1165 -1.03298E-1
1165 1165 4.8788300000000007E-1
1166 1165 4.6849699999999996E-4
1164 1166 -4.8348E-2
1165 1166 4.6849699999999996E-4
1166 1166 3.98114E-1
1172 1166 -4.6849699999999996E-4
1173 1166 4.8348E-2
1162 1167 -7.88239E-3
1167 1167 5.92345E-1
1168 1167 -1.9105799999999998E-1
1162 1168 -7.88239E-3
1167 1168 -1.9105799999999998E-1
1168 1168 7.036590000000001E-1
1176 1168 -1.4009799999999997E-1
1778 1168 4.417809999999999E-2
1132 1169 -4.6849699999999996E-4
1152 1169 -1.4009799999999997E-1
1169 1169 5.99197E-1
1170 1169 -1.03298E-1
1638 1169 4.417809999999999E-2
1132 1170 4.8348E-2
1169 1170 -1.03298E-1
1170 1170 6.56067E-1
1653 1170 -9.49365E-2
512 1171 -1.15318E-1
1040 1171 5.13482E-2
1153 1171 -1.80715E-2
1171 1171 7.38582E-1
1166 1172 -4.6849699999999996E-4
1172 1172 5.99197E-1
1173 1172 -1.03298E-1
1178 1172 -1.4009799999999997E-1
1888 1172 4.417809999999999E-2
1166 1173 4.8348E-2
1172 1173 -1.03298E-1
1173 1173 6.56067E-1
1902 1173 -9.49365E-2
1116 1174 -7.88239E-3
1174 1174 5.92345E-1
1175 1174 -1.9105799999999998E-1
1116 1175 -7.88239E-3
1139 1175 -1.4009799999999997E-1
1174 1175 -1.9105799999999998E-1
1175 1175 7.036590000000001E-1
1484 1175 4.417809999999999E-2
257 1176 0
1168 1176 -1.4009799999999997E-1
1176 1176 5.35905E-1
1177 1176 1.65066E-2
1778 1176 -2.33615E-2
257 1177 0
1176 1177 1.65066E-2
1177 1177 3.5074199999999994E-1
1185 1177 -1.80715E-2
765 1178 0
1172 1178 -1.4009799999999997E-1
1178 1178 5.35905E-1
1179 1178 1.65066E-2
1888 1178 -2.33615E-2
765 1179 0
1178 1179 1.65066E-2
1179 1179 3.5074199999999994E-1
1186 1179 -1.80715E-2
254 1180 0
1043 1180 -2.78141E-2
1148 1180 5.47244E-2
1180 1180 4.0072E-1
1187 1180 8.99057E-3
510 1181 0
1041 1181 -2.78141E-2
1181 1181 4.0072E-1
1182 1181 -5.47244E-2
1188 1181 8.99057E-3
510 1182 0
1150 1182 -6.77208E-2
1181 1182 -5.47244E-2
1182 1182 5.38638E-1
762 1183 0
1034 1183 -2.78141E-2
1155 1183 5.47244E-2
1183 1183 4.0072E-1
1189 1183 8.99057E-3
1018 1184 0
1028 1184 -2.78141E-2
1159 1184 5.47244E-2
1184 1184 4.0072E-1
1190 1184 8.99057E-3
256 1185 0
1042 1185 5.13482E-2
1177 1185 -1.80715E-2
1185 1185 7.38582E-1
764 1186 0
1033 1186 5.13482E-2
1179 1186 -1.80715E-2
1186 1186 7.38582E-1
1043 1187 1.15734E-1
1180 1187 8.99057E-3
1187 1187 5.59522E-1
1041 1188 1.15734E-1
1181 1188 8.99057E-3
1188 1188 5.59522E-1
1034 1189 1.15734E-1
1183 1189 8.99057E-3
1189 1189 5.59522E-1
1028 1190 1.15734E-1
1184 1190 8.99057E-3
1190 1190 5.59522E-1
1191 1191 3.57719E-1
1192 1191 -1.98868E-2
1193 1191 -1.98868E-2
1191 1192 -1.98868E-2
1192 1192 5.33457E-1
1193 1192 -1.11686E-1
1191 1193 -1.98868E-2
1192 1193 -1.11686E-1
1193 1193 5.11191E-1
1194 1194 5.64865E-1
1195 1194 -5.1472E-2
1196 1194 -4.69072E-2
1194 1195 -5.1472E-2
1195 1195 5.93988E-1
1196 1195 -4.5980799999999995E-2
1194 1196 -4.69072E-2
1195 1196 -4.5980799999999995E-2
1196 1196 4.74496E-1
4887 1196 4.69072E-2
4888 1196 4.5980799999999995E-2
1197 1197 5.48193E-1
1198 1197 -4.03143E-2
1199 1197 -6.83563E-2
1197 1198 -4.03143E-2
1198 1198 4.4378E-1
1199 1198 -3.64525E-2
1197 1199 -6.83563E-2
1198 1199 -3.64525E-2
1199 1199 6.25421E-1
1200 1200 4.64659E-1
1201 1200 -4.11776E-2
1202 1200 -4.11776E-2
1200 1201 -4.11776E-2
1201 1201 4.55222E-1
1202 1201 -6.23708E-2
1200 1202 -4.11776E-2
1201 1202 -6.23708E-2
1202 1202 5.01385E-1
1203 1203 7.52589E-1
1204 1203 -1.82268E-1
1205 1203 5.09665E-3
3095 1203 -3.60593E-2
1203 1204 -1.82268E-1
1204 1204 6.5088E-1
1205 1204 5.09665E-3
3116 1204 7.75471E-2
3117 1204 7.4503E-2
1203 1205 5.09665E-3
1204 1205 5.09665E-3
1205 1205 3.971819999999999E-1
1206 1206 4.12141E-1
1207 1206 -4.62458E-2
1208 1206 -2.6672E-4
3093 1206 3.41841E-2
3094 1206 3.41841E-2
1206 1207 -4.62458E-2
1207 1207 6.47128E-1
1208 1207 -1.04787E-1
1206 1208 -2.6672E-4
1207 1208 -1.04787E-1
1208 1208 5.12706E-1
3101 1208 -1.04787E-1
1209 1209 6.878080000000001E-1
1210 1209 -1.4276699999999998E-1
1211 1209 -4.81012E-2
1209 1210 -1.4276699999999998E-1
1210 1210 5.40201E-1
1211 1210 2.85255E-2
3210 1210 -1.33068E-1
1209 1211 -4.81012E-2
1210 1211 2.85255E-2
1211 1211 3.6228E-1
1212 1212 5.45874E-1
1213 1212 -5.95472E-2
1214 1212 -5.95472E-2
3217 1212 -1.09779E-1
1212 1213 -5.95472E-2
1213 1213 4.99145E-1
1214 1213 -2.6202899999999998E-2
1212 1214 -5.95472E-2
1213 1214 -2.6202899999999998E-2
1214 1214 3.85484E-1
3211 1214 1.48584E-2
1215 1215 7.52589E-1
1216 1215 -1.82268E-1
1217 1215 5.09665E-3
3278 1215 -3.60593E-2
1215 1216 -1.82268E-1
1216 1216 6.5088E-1
1217 1216 5.09665E-3
3299 1216 7.75471E-2
3300 1216 7.4503E-2
1215 1217 5.09665E-3
1216 1217 5.09665E-3
1217 1217 3.971819999999999E-1
1218 1218 4.12141E-1
1219 1218 -4.62458E-2
1220 1218 -2.6672E-4
3276 1218 3.41841E-2
3277 1218 3.41841E-2
1218 1219 -4.62458E-2
1219 1219 6.47128E-1
1220 1219 -1.04787E-1
1218 1220 -2.6672E-4
1219 1220 -1.04787E-1
1220 1220 5.12706E-1
3284 1220 -1.04787E-1
1221 1221 8.9505E-1
1222 1221 -1.59268E-1
1223 1221 -1.48696E-1
3377 1221 1.69099E-2
3390 1221 2.2079299999999996E-1
1221 1222 -1.59268E-1
1222 1222 4.186730000000001E-1
1223 1222 1.11735E-1
1221 1223 -1.48696E-1
1222 1223 1.11735E-1
1223 1223 3.94771E-1
1224 1224 4.13087E-1
1225 1224 -2.57627E-2
1226 1224 -3.70683E-2
1224 1225 -2.57627E-2
1225 1225 4.29556E-1
1226 1225 -8.39598E-2
1224 1226 -3.70683E-2
1225 1226 -8.39598E-2
1226 1226 5.12719E-1
1227 1227 4.9125699999999994E-1
1228 1227 -4.79174E-2
1229 1227 -4.79174E-2
1227 1228 -4.79174E-2
1228 1228 4.99699E-1
1229 1228 -4.8503E-2
1227 1229 -4.79174E-2
1228 1229 -4.8503E-2
1229 1229 5.01989E-1
1230 1230 5.58519E-1
1231 1230 -2.3812699999999996E-2
1232 1230 -9.16545E-2
1230 1231 -2.3812699999999996E-2
1231 1231 4.079519999999999E-1
1232 1231 -3.23742E-2
1230 1232 -9.16545E-2
1231 1232 -3.23742E-2
1232 1232 5.22037E-1
530 1233 3.60855E-2
1233 1233 5.68117E-1
1234 1233 -1.13169E-1
1235 1233 -4.658480000000001E-2
1233 1234 -1.13169E-1
1234 1234 5.1881E-1
1235 1234 6.37649E-3
529 1235 7.47335E-2
1233 1235 -4.658480000000001E-2
1234 1235 6.37649E-3
1235 1235 4.171270000000001E-1
1236 1236 7.37828E-1
1237 1236 -9.40962E-3
1238 1236 -1.31482E-1
1236 1237 -9.40962E-3
1237 1237 3.6170699999999995E-1
1238 1237 -1.52761E-2
1236 1238 -1.31482E-1
1237 1238 -1.52761E-2
1238 1238 6.08787E-1
273 1239 0
1239 1239 5.29288E-1
1240 1239 -5.48979E-2
273 1240 0
1118 1240 -3.81698E-2
1239 1240 -5.48979E-2
1240 1240 4.7812400000000005E-1
241 1241 0
1241 1241 4.4463300000000006E-1
1242 1241 -2.26003E-2
241 1242 0
1241 1242 -2.26003E-2
1242 1242 4.39472E-1
1243 1243 4.8996699999999993E-1
1244 1243 -9.85872E-2
1245 1243 -2.51725E-2
3981 1243 -3.58446E-2
1243 1244 -9.85872E-2
1244 1244 5.61667E-1
1245 1244 -2.51725E-2
1243 1245 -2.51725E-2
1244 1245 -2.51725E-2
1245 1245 4.0412E-1
1246 1246 5.85765E-1
1247 1246 -2.70615E-2
1248 1246 -9.404969999999999E-2
1246 1247 -2.70615E-2
1247 1247 4.3123500000000003E-1
1248 1247 -2.70615E-2
1246 1248 -9.404969999999999E-2
1247 1248 -2.70615E-2
1248 1248 5.71084E-1
1249 1249 3.95848E-1
1250 1249 9.22685E-2
1251 1249 -1.06213E-1
1249 1250 9.22685E-2
1250 1250 4.4764599999999993E-1
1251 1250 -1.7355899999999996E-1
1249 1251 -1.06213E-1
1250 1251 -1.7355899999999996E-1
1251 1251 8.73159E-1
1252 1252 5.07001E-1
1253 1252 -8.212299999999999E-2
1254 1252 -2.89984E-2
1252 1253 -8.212299999999999E-2
1253 1253 6.10832E-1
1254 1253 -3.53855E-2
1252 1254 -2.89984E-2
1253 1254 -3.53855E-2
1254 1254 4.21781E-1
1255 1255 4.78024E-1
1256 1255 -3.75289E-2
1257 1255 -5.68947E-2
1255 1256 -3.75289E-2
1256 1256 5.10709E-1
1257 1256 -5.01649E-2
19076 1256 -8.978579999999999E-2
1255 1257 -5.68947E-2
1256 1257 -5.01649E-2
1257 1257 5.21194E-1
7088 1257 7.76214E-2
7089 1257 4.564460000000001E-2
1258 1258 6.029820000000001E-1
1259 1258 -1.07939E-1
1260 1258 -2.13742E-2
1258 1259 -1.07939E-1
1259 1259 6.74574E-1
1260 1259 -2.13742E-2
1258 1260 -2.13742E-2
1259 1260 -2.13742E-2
1260 1260 4.60894E-1
1261 1261 4.5772E-1
1262 1261 -4.205679999999999E-2
1263 1261 -4.21767E-2
1261 1262 -4.205679999999999E-2
1262 1262 5.20578E-1
1263 1262 -6.03931E-2
1261 1263 -4.21767E-2
1262 1263 -6.03931E-2
1263 1263 6.27805E-1
12480 1263 -8.09672E-3
1264 1264 5.30484E-1
1265 1264 -1.7307E-2
1266 1264 -1.1921999999999999E-1
1264 1265 -1.7307E-2
1265 1265 4.7602599999999995E-1
1266 1265 -1.6600599999999997E-2
1264 1266 -1.1921999999999999E-1
1265 1266 -1.6600599999999997E-2
1266 1266 4.86013E-1
1267 1267 5.17714E-1
1268 1267 -4.162400000000001E-2
1269 1267 -3.63248E-2
1616 1267 -1.33015E-1
1267 1268 -4.162400000000001E-2
1268 1268 5.06064E-1
1269 1268 -6.70899E-2
1267 1269 -3.63248E-2
1268 1269 -6.70899E-2
1269 1269 5.33685E-1
1003 1270 0
1270 1270 4.5155E-1
1271 1270 -3.28751E-2
1003 1271 0
1270 1271 -3.28751E-2
1271 1271 4.5718500000000006E-1
1272 1272 5.242690000000001E-1
1273 1272 -4.87917E-2
1274 1272 -4.777340000000001E-2
1394 1272 -1.1589899999999999E-1
1272 1273 -4.87917E-2
1273 1273 5.87317E-1
1274 1273 -4.777340000000001E-2
1272 1274 -4.777340000000001E-2
1273 1274 -4.777340000000001E-2
1274 1274 5.05977E-1
1275 1275 4.2E-1
1276 1275 -1.6791299999999998E-1
1277 1275 7.08207E-2
1275 1276 -1.6791299999999998E-1
1276 1276 7.16967E-1
1277 1276 -8.1194E-2
1275 1277 7.08207E-2
1276 1277 -8.1194E-2
1277 1277 3.7732E-1
1278 1278 5.00832E-1
1279 1278 -3.83742E-2
1280 1278 -7.616959999999999E-2
1278 1279 -3.83742E-2
1279 1279 4.310280000000001E-1
1280 1279 -3.1298E-2
1278 1280 -7.616959999999999E-2
1279 1280 -3.1298E-2
1280 1280 4.8948E-1
12474 1280 4.58973E-2
12475 1280 4.58973E-2
1281 1281 4.2838400000000004E-1
1282 1281 -3.78434E-2
1283 1281 -3.0325199999999997E-2
1281 1282 -3.78434E-2
1282 1282 4.6538299999999994E-1
1283 1282 -7.7855E-2
1281 1283 -3.0325199999999997E-2
1282 1283 -7.7855E-2
1283 1283 4.7915300000000005E-1
1284 1284 6.08404E-1
1285 1284 -6.89871E-2
1286 1284 -3.80875E-2
1284 1285 -6.89871E-2
1285 1285 4.938870000000001E-1
1286 1285 -3.80875E-2
1284 1286 -3.80875E-2
1285 1286 -3.80875E-2
1286 1286 5.08508E-1
1287 1287 4.8228499999999996E-1
1288 1287 -1.5915099999999996E-1
1289 1287 8.506020000000002E-2
1287 1288 -1.5915099999999996E-1
1288 1288 7.13145E-1
1289 1288 -1.08357E-1
1287 1289 8.506020000000002E-2
1288 1289 -1.08357E-1
1289 1289 3.7916500000000003E-1
1290 1290 3.61743E-1
1291 1290 -8.60458E-2
1292 1290 4.8533E-2
1290 1291 -8.60458E-2
1291 1291 6.21336E-1
1292 1291 -1.2734099999999998E-1
1290 1292 4.8533E-2
1291 1292 -1.2734099999999998E-1
1292 1292 4.5354599999999995E-1
1293 1293 4.84699E-1
1294 1293 -4.46624E-2
1295 1293 -5.51072E-2
1293 1294 -4.46624E-2
1294 1294 4.5328299999999994E-1
1295 1294 -4.46624E-2
1293 1295 -5.51072E-2
1294 1295 -4.46624E-2
1295 1295 5.05078E-1
5299 1295 -7.48128E-2
1296 1296 3.9249999999999996E-1
1297 1296 -7.41E-2
1298 1296 2.47783E-2
1296 1297 -7.41E-2
1297 1297 5.79057E-1
1298 1297 -1.0672299999999998E-1
1296 1298 2.47783E-2
1297 1298 -1.0672299999999998E-1
1298 1298 4.65847E-1
1299 1299 5.04361E-1
1300 1299 -5.517600000000001E-2
1301 1299 -4.1154E-2
1299 1300 -5.517600000000001E-2
1300 1300 5.70214E-1
1301 1300 -4.81352E-2
1299 1301 -4.1154E-2
1300 1301 -4.81352E-2
1301 1301 4.9500199999999994E-1
1302 1302 4.33641E-1
1303 1302 -4.048670000000001E-2
1304 1302 2.28543E-2
11022 1302 2.98724E-2
1302 1303 -4.048670000000001E-2
1303 1303 5.86247E-1
1304 1303 -1.44114E-1
1302 1304 2.28543E-2
1303 1304 -1.44114E-1
1304 1304 5.63148E-1
1305 1305 5.9171E-1
1306 1305 -2.7137399999999996E-2
1307 1305 -9.38692E-2
1305 1306 -2.7137399999999996E-2
1306 1306 4.57446E-1
1307 1306 -2.7137399999999996E-2
1305 1307 -9.38692E-2
1306 1307 -2.7137399999999996E-2
1307 1307 5.4131E-1
1308 1308 4.52213E-1
1309 1308 -3.90234E-2
1310 1308 -3.93214E-2
11073 1308 -3.39156E-2
1308 1309 -3.90234E-2
1309 1309 5.0829E-1
1310 1309 -6.66449E-2
1308 1310 -3.93214E-2
1309 1310 -6.66449E-2
1310 1310 4.92666E-1
11117 1310 -4.86849E-2
1311 1311 3.9045E-1
1312 1311 2.96433E-3
1313 1311 -4.58063E-2
11373 1311 4.58063E-2
11374 1311 -2.96433E-3
1311 1312 2.96433E-3
1312 1312 5.44056E-1
1313 1312 -1.09541E-1
11372 1312 1.90883E-2
1311 1313 -4.58063E-2
1312 1313 -1.09541E-1
1313 1313 5.952409999999999E-1
1314 1314 4.50917E-1
1315 1314 -3.73933E-2
1316 1314 -3.74996E-2
6707 1314 -2.8208199999999996E-2
1314 1315 -3.73933E-2
1315 1315 5.13806E-1
1316 1315 -7.0381E-2
22670 1315 -8.20842E-2
1314 1316 -3.74996E-2
1315 1316 -7.0381E-2
1316 1316 4.915570000000001E-1
19620 1316 -4.70276E-2
1317 1317 6.99818E-1
1318 1317 2.5987800000000006E-3
1319 1317 -2.4456000000000003E-1
1317 1318 2.5987800000000006E-3
1318 1318 4.2198699999999995E-1
1319 1318 4.4202599999999995E-2
1317 1319 -2.4456000000000003E-1
1318 1319 4.4202599999999995E-2
1319 1319 6.28954E-1
1320 1320 5.07686E-1
1321 1320 -1.73364E-1
1322 1320 4.580479999999999E-2
1320 1321 -1.73364E-1
1321 1321 6.96629E-1
1322 1321 -4.5426299999999996E-2
1320 1322 4.580479999999999E-2
1321 1322 -4.5426299999999996E-2
1322 1322 3.58745E-1
1323 1323 6.34157E-1
1324 1323 -3.53608E-2
1325 1323 -7.49683E-2
1323 1324 -3.53608E-2
1324 1324 4.1985900000000004E-1
1325 1324 -3.53608E-2
1323 1325 -7.49683E-2
1324 1325 -3.53608E-2
1325 1325 6.26874E-1
1326 1326 4.85564E-1
1327 1326 -2.29031E-2
1328 1326 -8.162950000000001E-2
1326 1327 -2.29031E-2
1327 1327 5.32912E-1
1328 1327 -4.2115799999999995E-2
1326 1328 -8.162950000000001E-2
1327 1328 -4.2115799999999995E-2
1328 1328 6.91506E-1
1329 1329 5.12937E-1
1330 1329 -4.3022399999999995E-2
1331 1329 -3.23273E-2
1329 1330 -4.3022399999999995E-2
1330 1330 5.19678E-1
1331 1330 -6.99616E-2
1329 1331 -3.23273E-2
1330 1331 -6.99616E-2
1331 1331 4.84626E-1
1332 1332 4.1243099999999994E-1
1333 1332 -6.90487E-2
1334 1332 1.8203E-3
1332 1333 -6.90487E-2
1333 1333 6.001999999999998E-1
1334 1333 -8.233229999999998E-2
1332 1334 1.8203E-3
1333 1334 -8.233229999999998E-2
1334 1334 4.41216E-1
1335 1335 8.12748E-1
1336 1335 -9.981159999999999E-2
1337 1335 -1.01783E-1
1335 1336 -9.981159999999999E-2
1336 1336 4.39527E-1
1337 1336 4.08216E-2
1335 1337 -1.01783E-1
1336 1337 4.08216E-2
1337 1337 4.9304700000000007E-1
1338 1338 8.04566E-1
1339 1338 -1.25792E-1
1340 1338 -6.20418E-2
1338 1339 -1.25792E-1
1339 1339 5.12773E-1
1340 1339 2.8619400000000003E-2
1338 1340 -6.20418E-2
1339 1340 2.8619400000000003E-2
1340 1340 4.06482E-1
1341 1341 4.42046E-1
1342 1341 -1.1357099999999999E-1
